class Solution {
    public int fun(int n,int c)
    {
        if(n==1)
           return 1;
        if(c%2==0&&n%2==0)
           return fun(n/2,c+1)*2-1;
        return fun(n/2,c+1)*2;
    }
    public int lastRemaining(int n) {
//        1 // 1 2 3 4 5 6 7 8 9 10 11 12 13 14 15 16 17 18 19 20 21 22 23 24 25 26 27 28 29 30 31 32 
//         2// 2 4 6 8 10 12 14 16 18 20 22 24 26 28 30 32
//         // 1 2 3 4 5  6  7  8  9  10 11 12 13 14 15 16
//         3// 2 6 10 14 18 22 26 30
//         // 1 2 3  4  5  6  7  8
//         4// 6 14 22 30
//         // 1 2  3  4
//         5// 6 22
//         // 1 2
//         6// 22
//         // 1
//    1// 1 2 3 4 5 6 7 8 9 10 11 12 13 14 15 16 17 18 19 20 21 22 23 24 25 26 27 28 29 30 31 32 33 34
//    2// 2 4 6 8 10 12 14 16 18 20 22 24 26 28 30 32 34
//     // 1 2 3 4 5  6  7  8  9  10 11 12 13 14 15 16 17
//    3// 4 8 12 16 20 24 28 32
//     // 1 2 3  4  5  6  7  8
//    4// 8 16 24 32
//     // 1 2  3  4
//    5// 8 24
//     // 1 2
//    6// 24 
//     // 1 
//         // 1 2 3 4 5 6 7 8 9 10 11 12 13 14 15 16 17 18 19 20 21 22   22
//      1   // 2 4 6 8 10 12 14 16 18 20 22     11
//       2  // 4 8 12 16 20    5
//        3 // 8 16    2
//         4// 8    1
//         1 1
//         2 2
//         3 2
//         4 2
//         5 2
//         6 4
//         7 4 
//         8 6
//         9 6
//         10 8
//         11 8
//         12 6
        return fun(n,1);
    }
}